18 0.219444 0.336111 0.219444 0.473889 0.216667 0.489444 0.209722 0.510556 0.202778 0.521667 0.188194 0.529444 0.174306 0.531667 0.157639 0.523889 0.149306 0.508333 0.146528 0.488333 0.150000 0.476111 0.161111 0.477222 0.163889 0.489444 0.168056 0.501667 0.178472 0.505000 0.188194 0.500556 0.197222 0.488333 0.201389 0.468333 0.204861 0.439444 0.204861 0.348333 0.206250 0.333889 0.209028 0.331667
24 0.222917 0.335000 0.224306 0.521667 0.231944 0.527222 0.237500 0.519444 0.237500 0.443889 0.279861 0.525000 0.289583 0.526111 0.290278 0.511667 0.283333 0.491667 0.256944 0.441667 0.275694 0.445000 0.286806 0.435000 0.293056 0.416111 0.294444 0.388333 0.290278 0.358333 0.284028 0.333889 0.261111 0.326111 0.235417 0.329444
17 0.297917 0.346111 0.297222 0.517222 0.305556 0.521667 0.313889 0.516111 0.314583 0.437222 0.361111 0.439444 0.361111 0.516111 0.368750 0.525000 0.375694 0.510556 0.377778 0.332778 0.370139 0.330556 0.358333 0.337222 0.359722 0.416111 0.315972 0.416111 0.317361 0.348333 0.314583 0.335000 0.303472 0.332778
2 0.384722 0.383889 0.397917 0.350556 0.425694 0.352778 0.437500 0.369444 0.443750 0.382778 0.443056 0.401667 0.436806 0.425000 0.425000 0.421667 0.415278 0.427222 0.390972 0.471667 0.386806 0.518333 0.395833 0.531667 0.447222 0.527222 0.452778 0.518333 0.442361 0.508333 0.404167 0.508333 0.408333 0.478333 0.425000 0.443889 0.436111 0.439444 0.446528 0.423889 0.452778 0.407222 0.454861 0.385000 0.451389 0.363889 0.442361 0.343889 0.428472 0.333889 0.400000 0.333889 0.388889 0.352778 0.382639 0.365000
1 0.491667 0.376111 0.492361 0.522778 0.497917 0.526111 0.500694 0.512778 0.502083 0.343889 0.500694 0.337222 0.495139 0.336111 0.489583 0.349444 0.481250 0.370556
1 0.572222 0.366111 0.571528 0.510556 0.569444 0.518333 0.574306 0.531667 0.579861 0.522778 0.581250 0.492778 0.582639 0.342778 0.579861 0.337222 0.574306 0.339444 0.561111 0.367222 0.565278 0.376111 0.567361 0.376111
0 0.618056 0.370556 0.620139 0.491667 0.643056 0.526111 0.676389 0.527222 0.682639 0.515000 0.687500 0.500556 0.686111 0.369444 0.669444 0.336111 0.637500 0.335000 0.622222 0.358333
6 0.702778 0.400556 0.701389 0.498333 0.709722 0.522778 0.747917 0.525000 0.761806 0.490556 0.764583 0.447222 0.752083 0.425000 0.711806 0.421667 0.709028 0.421667 0.709722 0.403889 0.738194 0.348333 0.753472 0.351667 0.761806 0.347222 0.759722 0.338333 0.753472 0.336111 0.735417 0.337222
8 0.777778 0.367222 0.779167 0.418333 0.784028 0.430556 0.786111 0.431667 0.775000 0.458333 0.774306 0.485000 0.796528 0.523889 0.831944 0.527222 0.840972 0.503889 0.839583 0.456111 0.825000 0.430556 0.838194 0.406111 0.839583 0.359444 0.829861 0.339444 0.794444 0.339444
23 0.850000 0.345000 0.850694 0.520556 0.854861 0.530556 0.859028 0.516111 0.859028 0.441667 0.906250 0.440556 0.918750 0.416111 0.917361 0.371667 0.901389 0.340556 0.857639 0.340556
18 0.219444 0.336111 0.219444 0.473889 0.216667 0.489444 0.209722 0.510556 0.202778 0.521667 0.188194 0.529444 0.174306 0.531667 0.157639 0.523889 0.149306 0.508333 0.146528 0.488333 0.150000 0.476111 0.161111 0.477222 0.163889 0.489444 0.168056 0.501667 0.178472 0.505000 0.188194 0.500556 0.197222 0.488333 0.201389 0.468333 0.204861 0.439444 0.204861 0.348333 0.206250 0.333889 0.209028 0.331667